{
  "camera_angle_x": 0.9048688764256586,
  "camera_angle_y": 0.6527888748701627,
  "fl_x": 1975.0603292259582,
  "fl_y": 1595.2674194349327,
  "k1": -0.14184042034436908,
  "k2": 0.13335497837590388,
  "k3": 0,
  "k4": 0,
  "p1": 0.005041004608578241,
  "p2": 0.0004256683992914173,
  "is_fisheye": false,
  "cx": 960.0,
  "cy": 540.0,
  "w": 1920.0,
  "h": 1080.0,
  "aabb_scale": 64,
  "n_extra_learnable_dims": 16,
  "frames": [
    {
      "file_path": "./images/frame_0006.jpg",
      "sharpness": 510.17326017092387,
      "transform_matrix": [
        [
          0.9583431179929223,
          0.21409517284301263,
          0.18905482051755357,
          1.1087384703709826
        ],
        [
          -0.27371060543919745,
          0.49926597092827696,
          0.8220802848524907,
          5.151302168818225
        ],
        [
          0.0816147821519596,
          -0.8395812928111043,
          0.5370682266676393,
          3.1426456035431785
        ],
        [
          0.0,
          0.0,
          0.0,
          1.0
        ]
      ]
    },
    {
      "file_path": "./images/frame_0007.jpg",
      "sharpness": 851.5468530449219,
      "transform_matrix": [
        [
          0.9589910736616771,
          0.21174989675145572,
          0.18840939961416922,
          1.0971289351186653
        ],
        [
          -0.2718477227342999,
          0.4990191803036635,
          0.8228479041312765,
          5.098688337369883
        ],
        [
          0.08021805458498146,
          -0.8403224612699624,
          0.5361186667182867,
          3.1130030612395716
        ],
        [
          0.0,
          0.0,
          0.0,
          1.0
        ]
      ]
    },
    {
      "file_path": "./images/frame_0008.jpg",
      "sharpness": 1039.98774690293,
      "transform_matrix": [
        [
          0.9583241872072931,
          0.21359489717392474,
          0.18971550309540203,
          1.0911008016926933
        ],
        [
          -0.2738011937779887,
          0.49717878527141024,
          0.8233141330997498,
          5.066945208173363
        ],
        [
          0.08153317422515353,
          -0.8409461786448076,
          0.534940993123041,
          3.094691476951372
        ],
        [
          0.0,
          0.0,
          0.0,
          1.0
        ]
      ]
    },
    {
      "file_path": "./images/frame_0004.jpg",
      "sharpness": 1265.347615275977,
      "transform_matrix": [
        [
          0.9590209561814393,
          0.2128459195290289,
          0.18701716537441163,
          1.12017099124386
        ],
        [
          -0.27178181848113697,
          0.5044921219932901,
          0.8195256811044992,
          5.202215563202023
        ],
        [
          0.08008401056343382,
          -0.8367701676007271,
          0.5416661682858974,
          3.1703537463946656
        ],
        [
          0.0,
          0.0,
          0.0,
          1.0
        ]
      ]
    },
    {
      "file_path": "./images/frame_0005.jpg",
      "sharpness": 1416.7388256553606,
      "transform_matrix": [
        [
          0.9585116210214512,
          0.2140687502833128,
          0.18822869738424852,
          1.1136638496889155
        ],
        [
          -0.27316444944389134,
          0.5010828226121948,
          0.8211560073719311,
          5.1738662274030425
        ],
        [
          0.08146567330382812,
          -0.8385049642280813,
          0.538769680882302,
          3.155131997726258
        ],
        [
          0.0,
          0.0,
          0.0,
          1.0
        ]
      ]
    },
    {
      "file_path": "./images/frame_0003.jpg",
      "sharpness": 954.0789967164089,
      "transform_matrix": [
        [
          0.9587753410603596,
          0.21350028330549228,
          0.18752992935279864,
          1.1249161682818192
        ],
        [
          -0.2726858476083562,
          0.5055753525533059,
          0.8185572621415756,
          5.221878703962878
        ],
        [
          0.0799516972221568,
          -0.8359492759247266,
          0.5429516867937897,
          3.1805142406503677
        ],
        [
          0.0,
          0.0,
          0.0,
          1.0
        ]
      ]
    },
    {
      "file_path": "./images/frame_0002.jpg",
      "sharpness": 1016.0374521047332,
      "transform_matrix": [
        [
          0.9583379766401892,
          0.214735065441808,
          0.18835385368738938,
          1.1253395160357795
        ],
        [
          -0.2739974332206585,
          0.5047780246219775,
          0.8186113561680081,
          5.226855072559331
        ],
        [
          0.08070767694388707,
          -0.8361148231722942,
          0.5425848075221831,
          3.1835663085219403
        ],
        [
          0.0,
          0.0,
          0.0,
          1.0
        ]
      ]
    },
    {
      "file_path": "./images/frame_0001.jpg",
      "sharpness": 943.9527639871106,
      "transform_matrix": [
        [
          0.9579660789203811,
          0.2167370583407455,
          0.18795222579078566,
          1.126790996717208
        ],
        [
          -0.2747154488375012,
          0.5042763352359597,
          0.8186799129641573,
          5.230874392413825
        ],
        [
          0.08265841643729001,
          -0.8359009661812757,
          0.5426206418201296,
          3.1861143859208494
        ],
        [
          0.0,
          0.0,
          0.0,
          1.0
        ]
      ]
    },
    {
      "file_path": "./images/frame_0009.jpg",
      "sharpness": 459.26760879853805,
      "transform_matrix": [
        [
          0.9581854511412885,
          0.21627807087877088,
          0.18736178179693602,
          1.0859073733575841
        ],
        [
          -0.2739075768867177,
          0.5037842502466824,
          0.8192533604004529,
          5.020484826896861
        ],
        [
          0.08279662158090849,
          -0.8363164623875016,
          0.5419589414286311,
          3.058474187007495
        ],
        [
          0.0,
          0.0,
          0.0,
          1.0
        ]
      ]
    },
    {
      "file_path": "./images/frame_0010.jpg",
      "sharpness": 1054.5257513760769,
      "transform_matrix": [
        [
          0.9584938168357784,
          0.2196238675359381,
          0.18181023044960345,
          1.0761977295615517
        ],
        [
          -0.2716645664961537,
          0.5099668842661474,
          0.8161691860529494,
          4.974935264891826
        ],
        [
          0.08653303645451284,
          -0.8316845157632994,
          0.5484641281264686,
          3.0266912452335686
        ],
        [
          0.0,
          0.0,
          0.0,
          1.0
        ]
      ]
    },
    {
      "file_path": "./images/frame_0011.jpg",
      "sharpness": 1385.787884257752,
      "transform_matrix": [
        [
          0.9588301140638964,
          0.21788038821860303,
          0.18213442506546157,
          1.068742076966826
        ],
        [
          -0.27103127695932905,
          0.5106430182342545,
          0.8159569564863122,
          4.940274490391275
        ],
        [
          0.08477534590911952,
          -0.8317282274627459,
          0.5486723032627648,
          3.0059469618400416
        ],
        [
          0.0,
          0.0,
          0.0,
          1.0
        ]
      ]
    },
    {
      "file_path": "./images/frame_0012.jpg",
      "sharpness": 757.7831598438623,
      "transform_matrix": [
        [
          0.9591404470007938,
          0.21618413055827732,
          0.18252129909103462,
          1.0572691963077099
        ],
        [
          -0.2701184270478424,
          0.5077521155488726,
          0.818061015160143,
          4.8866190534956875
        ],
        [
          0.08417623355981588,
          -0.8339377739678216,
          0.5454009083722515,
          2.977965996659027
        ],
        [
          0.0,
          0.0,
          0.0,
          1.0
        ]
      ]
    },
    {
      "file_path": "./images/frame_0015.jpg",
      "sharpness": 774.5951735664943,
      "transform_matrix": [
        [
          0.9604359770993331,
          0.20948645593837653,
          0.18351609921646592,
          1.0287609507469102
        ],
        [
          -0.26781338701571406,
          0.513917650579583,
          0.8149629673536911,
          4.758978032138828
        ],
        [
          0.07641154119909181,
          -0.8318678219531878,
          0.5496882781817701,
          2.8966160550461044
        ],
        [
          0.0,
          0.0,
          0.0,
          1.0
        ]
      ]
    },
    {
      "file_path": "./images/frame_0013.jpg",
      "sharpness": 1158.8931872771561,
      "transform_matrix": [
        [
          0.9597134684569555,
          0.21502131798955182,
          0.18087534733168223,
          1.047419481251921
        ],
        [
          -0.2684058185767551,
          0.5111353673819581,
          0.8165163518053095,
          4.837168136350166
        ],
        [
          0.08311663501647949,
          -0.8321697357038081,
          0.5482564691475974,
          2.9454082813572087
        ],
        [
          0.0,
          0.0,
          0.0,
          1.0
        ]
      ]
    },
    {
      "file_path": "./images/frame_0014.jpg",
      "sharpness": 1358.1921344369186,
      "transform_matrix": [
        [
          0.9602181413490471,
          0.20993641391020415,
          0.18414076989820738,
          1.0351806659804748
        ],
        [
          -0.2685917199464012,
          0.5138737202963968,
          0.8147344889993149,
          4.790121883889257
        ],
        [
          0.07641733442364426,
          -0.8317815228191019,
          0.5498180510826475,
          2.915338253887724
        ],
        [
          0.0,
          0.0,
          0.0,
          1.0
        ]
      ]
    },
    {
      "file_path": "./images/frame_0016.jpg",
      "sharpness": 1190.7600453545797,
      "transform_matrix": [
        [
          0.9612671596041128,
          0.20408850577864426,
          0.1852385750206509,
          1.0164578632622285
        ],
        [
          -0.2663435113479464,
          0.5149591992482357,
          0.8147871851425141,
          4.708092935076017
        ],
        [
          0.07089839088080466,
          -0.832565255651865,
          0.5493710160281998,
          2.8661047185403534
        ],
        [
          0.0,
          0.0,
          0.0,
          1.0
        ]
      ]
    },
    {
      "file_path": "./images/frame_0017.jpg",
      "sharpness": 1353.9972568061316,
      "transform_matrix": [
        [
          0.9614266305523859,
          0.20370572227646724,
          0.18483185000564428,
          1.0127965983151674
        ],
        [
          -0.2658212414870492,
          0.5153891745739798,
          0.8146858697106727,
          4.6885241598003216
        ],
        [
          0.07069583890845375,
          -0.8323929225094207,
          0.5496581855273833,
          2.854447981537366
        ],
        [
          0.0,
          0.0,
          0.0,
          1.0
        ]
      ]
    },
    {
      "file_path": "./images/frame_0024.jpg",
      "sharpness": 419.4525912191677,
      "transform_matrix": [
        [
          0.9582434804640655,
          0.2107722443328553,
          0.19324723327128218,
          0.9588761719943295
        ],
        [
          -0.27621776586335306,
          0.5074194957335697,
          0.816228645154621,
          4.465312745850222
        ],
        [
          0.07398092976958368,
          -0.8355240968209002,
          0.544450462082683,
          2.7259120836358686
        ],
        [
          0.0,
          0.0,
          0.0,
          1.0
        ]
      ]
    },
    {
      "file_path": "./images/frame_0020.jpg",
      "sharpness": 1297.7257392346703,
      "transform_matrix": [
        [
          0.9589132455741348,
          0.21267686308142833,
          0.18776032427625014,
          0.9937733973521914
        ],
        [
          -0.27247909084517585,
          0.5061354882344716,
          0.8182799109118103,
          4.601723353359577
        ],
        [
          0.07899704117665188,
          -0.8358202076161458,
          0.5432900220193981,
          2.8098425189423493
        ],
        [
          0.0,
          0.0,
          0.0,
          1.0
        ]
      ]
    },
    {
      "file_path": "./images/frame_0021.jpg",
      "sharpness": 772.5769942281411,
      "transform_matrix": [
        [
          0.9589968839533741,
          0.21032204085124853,
          0.18997267092896442,
          0.9842199990517921
        ],
        [
          -0.27291400112161984,
          0.5045122175371505,
          0.8191369667812187,
          4.564856255688548
        ],
        [
          0.0764390251083001,
          -0.8373960004011918,
          0.541225474227313,
          2.787340623764398
        ],
        [
          0.0,
          0.0,
          0.0,
          1.0
        ]
      ]
    },
    {
      "file_path": "./images/frame_0018.jpg",
      "sharpness": 956.9585735211383,
      "transform_matrix": [
        [
          0.9611729936984007,
          0.20664421437799238,
          0.18287877090837107,
          1.0074192886656403
        ],
        [
          -0.2658063859071617,
          0.5153242204629837,
          0.8147318043474124,
          4.658905500438925
        ],
        [
          0.07411775358055034,
          -0.8317085526002002,
          0.5502430755001395,
          2.836882590978802
        ],
        [
          0.0,
          0.0,
          0.0,
          1.0
        ]
      ]
    },
    {
      "file_path": "./images/frame_0023.jpg",
      "sharpness": 1219.949599458671,
      "transform_matrix": [
        [
          0.9588861584152925,
          0.2085865007871743,
          0.19242922566212464,
          0.9653388984206102
        ],
        [
          -0.2742525815843788,
          0.5067738934107815,
          0.8172917119679979,
          4.489565607517848
        ],
        [
          0.07295791042694702,
          -0.836463921903772,
          0.5431438581623598,
          2.7411000569224133
        ],
        [
          0.0,
          0.0,
          0.0,
          1.0
        ]
      ]
    },
    {
      "file_path": "./images/frame_0022.jpg",
      "sharpness": 1159.6799059883588,
      "transform_matrix": [
        [
          0.9593529955798681,
          0.20733511020741544,
          0.1914522967927335,
          0.9740678265551259
        ],
        [
          -0.2727002348769514,
          0.5064581174803577,
          0.8180065752402649,
          4.527444081362069
        ],
        [
          0.07263891360689222,
          -0.8369661446638871,
          0.5424124453923226,
          2.7638533015619955
        ],
        [
          0.0,
          0.0,
          0.0,
          1.0
        ]
      ]
    },
    {
      "file_path": "./images/frame_0019.jpg",
      "sharpness": 1229.2297667988153,
      "transform_matrix": [
        [
          0.9591591836181829,
          0.21326988695894725,
          0.18582146215499062,
          0.9998838244811485
        ],
        [
          -0.27171616343874516,
          0.5120313993625146,
          0.8148583757886977,
          4.626679748873922
        ],
        [
          0.07863833039319848,
          -0.8320695892672578,
          0.5490684944609253,
          2.818812925936862
        ],
        [
          0.0,
          0.0,
          0.0,
          1.0
        ]
      ]
    },
    {
      "file_path": "./images/frame_0026.jpg",
      "sharpness": 567.1065478643773,
      "transform_matrix": [
        [
          0.9579736588773377,
          0.21062275565859528,
          0.1947421980361368,
          0.9416401024707362
        ],
        [
          -0.27708135390137884,
          0.5037069595629095,
          0.8182329877290869,
          4.391297760858974
        ],
        [
          0.07424548617488538,
          -0.8378050809625524,
          0.5408976373547824,
          2.6861698650713532
        ],
        [
          0.0,
          0.0,
          0.0,
          1.0
        ]
      ]
    },
    {
      "file_path": "./images/frame_0025.jpg",
      "sharpness": 543.0372896752507,
      "transform_matrix": [
        [
          0.9576914648042777,
          0.21083084189206383,
          0.1959015424853016,
          0.9471417467596805
        ],
        [
          -0.2782033266091876,
          0.5039009035931228,
          0.8177327120897245,
          4.415720823209661
        ],
        [
          0.07368831185892731,
          -0.8376360996668654,
          0.5412354360444847,
          2.699637387786153
        ],
        [
          0.0,
          0.0,
          0.0,
          1.0
        ]
      ]
    },
    {
      "file_path": "./images/frame_0027.jpg",
      "sharpness": 402.8992768984361,
      "transform_matrix": [
        [
          0.9569300230073817,
          0.2149408134634699,
          0.19515475340035643,
          0.9337890647360936
        ],
        [
          -0.2794913848317263,
          0.5001850413983082,
          0.819572748550253,
          4.352063027840588
        ],
        [
          0.07854614485724928,
          -0.8388178414107762,
          0.5387161887849943,
          2.6650528825254085
        ],
        [
          0.0,
          0.0,
          0.0,
          1.0
        ]
      ]
    },
    {
      "file_path": "./images/frame_0028.jpg",
      "sharpness": 621.5133005234193,
      "transform_matrix": [
        [
          0.9576198627455328,
          0.21191618136586748,
          0.1950787803697154,
          0.925273204429377
        ],
        [
          -0.27782042851624245,
          0.500799131080308,
          0.8197658444996713,
          4.311628709646713
        ],
        [
          0.0760263636791761,
          -0.8392209258499912,
          0.5384498394847976,
          2.640778135966873
        ],
        [
          0.0,
          0.0,
          0.0,
          1.0
        ]
      ]
    },
    {
      "file_path": "./images/frame_0031.jpg",
      "sharpness": 1292.7633812560784,
      "transform_matrix": [
        [
          0.9578144389857232,
          0.2135531034980054,
          0.19231893421302648,
          0.902679756750469
        ],
        [
          -0.276930021947953,
          0.5069597124761176,
          0.81627300143398,
          4.201204954357825
        ],
        [
          0.07681968116550893,
          -0.8350969536003,
          0.5447125982324321,
          2.5687598622958316
        ],
        [
          0.0,
          0.0,
          0.0,
          1.0
        ]
      ]
    },
    {
      "file_path": "./images/frame_0029.jpg",
      "sharpness": 908.39738934747,
      "transform_matrix": [
        [
          0.9571799311096918,
          0.21573610687259015,
          0.19304018149676533,
          0.9203437576146462
        ],
        [
          -0.278223262236669,
          0.501289327776371,
          0.8193294979481084,
          4.284770850202726
        ],
        [
          0.07998997331685653,
          -0.8379540214408973,
          0.5398468876633413,
          2.6231697919135466
        ],
        [
          0.0,
          0.0,
          0.0,
          1.0
        ]
      ]
    },
    {
      "file_path": "./images/frame_0032.jpg",
      "sharpness": 1547.6547140201685,
      "transform_matrix": [
        [
          0.9578191411973431,
          0.21373565551249638,
          0.19209258788049963,
          0.8923485212711512
        ],
        [
          -0.2767313958234685,
          0.5058007913687299,
          0.8170589293413062,
          4.156152411290866
        ],
        [
          0.07747404288907848,
          -0.8357527319808234,
          0.5436130458929506,
          2.5428948560641764
        ],
        [
          0.0,
          0.0,
          0.0,
          1.0
        ]
      ]
    },
    {
      "file_path": "./images/frame_0030.jpg",
      "sharpness": 891.9459990848019,
      "transform_matrix": [
        [
          0.9568579779885918,
          0.21719254760369824,
          0.19300312750056323,
          0.9122249177014038
        ],
        [
          -0.2791084497931676,
          0.5024605342625531,
          0.8183103841224578,
          4.242452936587159
        ],
        [
          0.08075446249984083,
          -0.8368756232403983,
          0.5414036461018312,
          2.5963458991720207
        ],
        [
          0.0,
          0.0,
          0.0,
          1.0
        ]
      ]
    },
    {
      "file_path": "./images/frame_0033.jpg",
      "sharpness": 807.5313676682649,
      "transform_matrix": [
        [
          0.9583572081161879,
          0.2106063940785758,
          0.19286370427056876,
          0.8856291844067111
        ],
        [
          -0.2756392577400712,
          0.5056232807260298,
          0.8175378263911391,
          4.1250842454751675
        ],
        [
          0.07466231475281472,
          -0.8366540771197291,
          0.5426191058142769,
          2.525614587562473
        ],
        [
          0.0,
          0.0,
          0.0,
          1.0
        ]
      ]
    },
    {
      "file_path": "./images/frame_0035.jpg",
      "sharpness": 1395.313278578299,
      "transform_matrix": [
        [
          0.958953068368774,
          0.2093066369377831,
          0.19131059667438316,
          0.8659944713328943
        ],
        [
          -0.27384586089830554,
          0.5084496227474748,
          0.8163868112584965,
          4.032952117994673
        ],
        [
          0.07360337719819213,
          -0.8352662526773992,
          0.5448970820285929,
          2.4672459140467446
        ],
        [
          0.0,
          0.0,
          0.0,
          1.0
        ]
      ]
    },
    {
      "file_path": "./images/frame_0034.jpg",
      "sharpness": 1176.1478319095702,
      "transform_matrix": [
        [
          0.9581095112128177,
          0.21161410745049253,
          0.19299127972907643,
          0.8728893229510656
        ],
        [
          -0.2762574856578758,
          0.5050871769217722,
          0.8176605318389669,
          4.0622734113479835
        ],
        [
          0.07555108299371874,
          -0.8367236181900957,
          0.5423888094543897,
          2.486577982222937
        ],
        [
          0.0,
          0.0,
          0.0,
          1.0
        ]
      ]
    },
    {
      "file_path": "./images/frame_0036.jpg",
      "sharpness": 846.3873845937836,
      "transform_matrix": [
        [
          0.9583189421036966,
          0.21277027506178797,
          0.19066624047109867,
          0.8563630219954208
        ],
        [
          -0.27533008455863617,
          0.5096108404753765,
          0.815162643775409,
          3.985526602333831
        ],
        [
          0.07627679687943124,
          -0.8336819545366874,
          0.5469517793532648,
          2.4377873005827775
        ],
        [
          0.0,
          0.0,
          0.0,
          1.0
        ]
      ]
    },
    {
      "file_path": "./images/frame_0037.jpg",
      "sharpness": 1050.5435438765464,
      "transform_matrix": [
        [
          0.9578800508953772,
          0.215985554667595,
          0.18925128340806832,
          0.8458638787847019
        ],
        [
          -0.27599525941013836,
          0.5103673504109795,
          0.8144641087350665,
          3.9375744605195058
        ],
        [
          0.0793248062071385,
          -0.8323913789855149,
          0.5484816927763332,
          2.4065289138145998
        ],
        [
          0.0,
          0.0,
          0.0,
          1.0
        ]
      ]
    },
    {
      "file_path": "./images/frame_0038.jpg",
      "sharpness": 1248.0012851207507,
      "transform_matrix": [
        [
          0.9578406746038911,
          0.21618586191909575,
          0.1892218676069457,
          0.8389180300129753
        ],
        [
          -0.27625078079544896,
          0.5121348270112259,
          0.8132671302051291,
          3.9050002860328084
        ],
        [
          0.07890974708024111,
          -0.831253025298843,
          0.550265081344667,
          2.3858849559767465
        ],
        [
          0.0,
          0.0,
          0.0,
          1.0
        ]
      ]
    },
    {
      "file_path": "./images/frame_0039.jpg",
      "sharpness": 806.4640991618335,
      "transform_matrix": [
        [
          0.9569180320719137,
          0.2194767607231694,
          0.19009953024160953,
          0.8281253082257155
        ],
        [
          -0.2788980005850918,
          0.512647007247582,
          0.8120399936146838,
          3.856372851839796
        ],
        [
          0.08076995211868167,
          -0.8300740915500029,
          0.5517727950634969,
          2.3543106101681466
        ],
        [
          0.0,
          0.0,
          0.0,
          1.0
        ]
      ]
    },
    {
      "file_path": "./images/frame_0040.jpg",
      "sharpness": 1100.390821757116,
      "transform_matrix": [
        [
          0.9575208467197134,
          0.21692670302961,
          0.18999114087205923,
          0.8172495436219268
        ],
        [
          -0.2775316675769689,
          0.5143645934444511,
          0.8114217389882226,
          3.807607925780168
        ],
        [
          0.07829432667256364,
          -0.8296817887138582,
          0.5527188506713536,
          2.323778458441982
        ],
        [
          0.0,
          0.0,
          0.0,
          1.0
        ]
      ]
    },
    {
      "file_path": "./images/frame_0041.jpg",
      "sharpness": 1225.6189098821023,
      "transform_matrix": [
        [
          0.9568578726275045,
          0.22120090075694224,
          0.18839631921851177,
          0.8079236552317538
        ],
        [
          -0.27838256856265375,
          0.5122162743804838,
          0.8124885437839945,
          3.756053425030076
        ],
        [
          0.08322353700261345,
          -0.8298823107911713,
          0.5516966495499862,
          2.2941940917410486
        ],
        [
          0.0,
          0.0,
          0.0,
          1.0
        ]
      ]
    },
    {
      "file_path": "./images/frame_0042.jpg",
      "sharpness": 578.8269394554604,
      "transform_matrix": [
        [
          0.958195983844268,
          0.21569667742818582,
          0.187977125978551,
          0.7991328907213457
        ],
        [
          -0.27523909075741426,
          0.5155133138458119,
          0.8114736386147993,
          3.7226706534055745
        ],
        [
          0.07812745652935817,
          -0.829289434753724,
          0.5533309443200357,
          2.2771367176499897
        ],
        [
          0.0,
          0.0,
          0.0,
          1.0
        ]
      ]
    },
    {
      "file_path": "./images/frame_0044.jpg",
      "sharpness": 1247.4139183746627,
      "transform_matrix": [
        [
          0.9580410256958082,
          0.21350310358790298,
          0.19124282428906086,
          0.7744160627852422
        ],
        [
          -0.2767446392866564,
          0.5152792532341393,
          0.8111101625627473,
          3.625333366312772
        ],
        [
          0.07463107737278007,
          -0.830002238517946,
          0.5527445036772207,
          2.2123809602389937
        ],
        [
          0.0,
          0.0,
          0.0,
          1.0
        ]
      ]
    },
    {
      "file_path": "./images/frame_0043.jpg",
      "sharpness": 1097.89995278303,
      "transform_matrix": [
        [
          0.9581488176838313,
          0.21343452655151288,
          0.19077878825175476,
          0.7827337726497074
        ],
        [
          -0.27651195205769946,
          0.5174936291352915,
          0.809778663693744,
          3.659335721833759
        ],
        [
          0.07410791820255712,
          -0.8286410843544486,
          0.5548531064881642,
          2.232581636604644
        ],
        [
          0.0,
          0.0,
          0.0,
          1.0
        ]
      ]
    },
    {
      "file_path": "./images/frame_0045.jpg",
      "sharpness": 715.048165278548,
      "transform_matrix": [
        [
          0.9582474086501086,
          0.21147680624715018,
          0.19245639567147926,
          0.7628729005996188
        ],
        [
          -0.27669835625380385,
          0.5160593383400084,
          0.8106298655727633,
          3.5741374187553716
        ],
        [
          0.07211049481035828,
          -0.8300363363923162,
          0.5530278083483932,
          2.182152330663261
        ],
        [
          0.0,
          0.0,
          0.0,
          1.0
        ]
      ]
    },
    {
      "file_path": "./images/frame_0046.jpg",
      "sharpness": 921.339203207175,
      "transform_matrix": [
        [
          0.9582027429922362,
          0.21155516610748026,
          0.19259261412471426,
          0.7508839333475832
        ],
        [
          -0.27689916084215144,
          0.5165364783446251,
          0.8102573179331642,
          3.5232178642335756
        ],
        [
          0.07193301082998682,
          -0.82971951780862,
          0.5535261183723529,
          2.1494817190700637
        ],
        [
          0.0,
          0.0,
          0.0,
          1.0
        ]
      ]
    },
    {
      "file_path": "./images/frame_0050.jpg",
      "sharpness": 1099.7310899721415,
      "transform_matrix": [
        [
          0.9565574049345655,
          0.2169127848588694,
          0.1947993193766839,
          0.7101389623048034
        ],
        [
          -0.28183402594653184,
          0.5169832760569202,
          0.808268441853462,
          3.3446202970180816
        ],
        [
          0.07461576833095723,
          -0.8280562396614276,
          0.5556575843756268,
          2.038399680839791
        ],
        [
          0.0,
          0.0,
          0.0,
          1.0
        ]
      ]
    },
    {
      "file_path": "./images/frame_0049.jpg",
      "sharpness": 955.7642274305327,
      "transform_matrix": [
        [
          0.9579008653271849,
          0.21256590769187567,
          0.1929810018954188,
          0.7215254436403512
        ],
        [
          -0.27780713411123387,
          0.5166411996549858,
          0.8098796620831763,
          3.393120430022381
        ],
        [
          0.07245086916202964,
          -0.8293959281948434,
          0.5539433778388189,
          2.0677629129376265
        ],
        [
          0.0,
          0.0,
          0.0,
          1.0
        ]
      ]
    },
    {
      "file_path": "./images/frame_0047.jpg",
      "sharpness": 1028.3734531850287,
      "transform_matrix": [
        [
          0.9580382872575065,
          0.212110258911608,
          0.19280009910047813,
          0.7431550448316403
        ],
        [
          -0.27747954558459165,
          0.51759201621921,
          0.8093847086079038,
          3.490259764986551
        ],
        [
          0.07188700808123888,
          -0.828919623854197,
          0.5547292269734345,
          2.1272657975691853
        ],
        [
          0.0,
          0.0,
          0.0,
          1.0
        ]
      ]
    },
    {
      "file_path": "./images/frame_0048.jpg",
      "sharpness": 750.0079480073848,
      "transform_matrix": [
        [
          0.9580573488253858,
          0.21230427168712668,
          0.19249159094638793,
          0.7328348611535962
        ],
        [
          -0.2773952002901644,
          0.5183575699550581,
          0.808923564081469,
          3.4430294012421263
        ],
        [
          0.07195845480311834,
          -0.8283914086310201,
          0.5555084651818204,
          2.0970434456046316
        ],
        [
          0.0,
          0.0,
          0.0,
          1.0
        ]
      ]
    },
    {
      "file_path": "./images/frame_0051.jpg",
      "sharpness": 627.5426255663399,
      "transform_matrix": [
        [
          0.9565947726043742,
          0.21604327646274835,
          0.19558053001571105,
          0.7021896053729235
        ],
        [
          -0.2820747970195783,
          0.517813449410904,
          0.8076527969960513,
          3.311272290684066
        ],
        [
          0.07321372762228169,
          -0.8277647819908874,
          0.5562780022463846,
          2.016974749956448
        ],
        [
          0.0,
          0.0,
          0.0,
          1.0
        ]
      ]
    },
    {
      "file_path": "./images/frame_0052.jpg",
      "sharpness": 912.0521927866805,
      "transform_matrix": [
        [
          0.9578068559012554,
          0.21171036346974884,
          0.19438299511032,
          0.6878801007874809
        ],
        [
          -0.2783733840093488,
          0.515056195833607,
          0.8106943778074424,
          3.2463868063488044
        ],
        [
          0.0715142353922314,
          -0.8305996852473033,
          0.5522588858527715,
          1.981090012818684
        ],
        [
          0.0,
          0.0,
          0.0,
          1.0
        ]
      ]
    },
    {
      "file_path": "./images/frame_0053.jpg",
      "sharpness": 1027.7762788469358,
      "transform_matrix": [
        [
          0.9578049379281236,
          0.20928944283667605,
          0.19699652280590393,
          0.6797603387152185
        ],
        [
          -0.27932617711974006,
          0.5163053949707038,
          0.8095712605446275,
          3.2160587178820803
        ],
        [
          0.06772435054081309,
          -0.8304376365755947,
          0.5529798767609595,
          1.9632025231799277
        ],
        [
          0.0,
          0.0,
          0.0,
          1.0
        ]
      ]
    },
    {
      "file_path": "./images/frame_0054.jpg",
      "sharpness": 914.2882656638031,
      "transform_matrix": [
        [
          0.9579846625886678,
          0.20896796812888105,
          0.19646316331812289,
          0.6716463007938596
        ],
        [
          -0.2787157368022303,
          0.5165665969115087,
          0.8096150251904001,
          3.178444128258599
        ],
        [
          0.06769729908693801,
          -0.8303561520524485,
          0.5531055382519542,
          1.9387805179794253
        ],
        [
          0.0,
          0.0,
          0.0,
          1.0
        ]
      ]
    },
    {
      "file_path": "./images/frame_0055.jpg",
      "sharpness": 1132.7042129156398,
      "transform_matrix": [
        [
          0.9577704339039893,
          0.20995814345308228,
          0.1964519634340642,
          0.6647701278196492
        ],
        [
          -0.27927886057650136,
          0.5167479932021154,
          0.8093051523107195,
          3.1520940370439727
        ],
        [
          0.06840404940100461,
          -0.829993427395254,
          0.5535628207405402,
          1.9220338268757844
        ],
        [
          0.0,
          0.0,
          0.0,
          1.0
        ]
      ]
    },
    {
      "file_path": "./images/frame_0056.jpg",
      "sharpness": 1267.8383538500477,
      "transform_matrix": [
        [
          0.95786254264035,
          0.20941888121160582,
          0.19657843625037616,
          0.66081330810348
        ],
        [
          -0.2790961148373538,
          0.5169219765177968,
          0.8092570845384226,
          3.1338642726290575
        ],
        [
          0.0678579994492802,
          -0.8300213264639724,
          0.5535881948937568,
          1.911478088925496
        ],
        [
          0.0,
          0.0,
          0.0,
          1.0
        ]
      ]
    },
    {
      "file_path": "./images/frame_0058.jpg",
      "sharpness": 1067.0254750148242,
      "transform_matrix": [
        [
          0.9569012918630062,
          0.21211224119208,
          0.19836409646753783,
          0.6454923743738243
        ],
        [
          -0.2817237698822159,
          0.5121535809650365,
          0.8113756386458999,
          3.0690450777041973
        ],
        [
          0.07050982282109361,
          -0.8322902778725475,
          0.5498374834845067,
          1.8747990953189926
        ],
        [
          0.0,
          0.0,
          0.0,
          1.0
        ]
      ]
    },
    {
      "file_path": "./images/frame_0057.jpg",
      "sharpness": 859.1979420163478,
      "transform_matrix": [
        [
          0.9579844657043208,
          0.2076378153267439,
          0.19786940419262322,
          0.6531017865575272
        ],
        [
          -0.2791792544319613,
          0.5168640865037945,
          0.8092653829105827,
          3.1044579249359643
        ],
        [
          0.06576250728204396,
          -0.8305046981979901,
          0.5531159362258911,
          1.8932974364485704
        ],
        [
          0.0,
          0.0,
          0.0,
          1.0
        ]
      ]
    },
    {
      "file_path": "./images/frame_0059.jpg",
      "sharpness": 1181.1709797628632,
      "transform_matrix": [
        [
          0.957418801267494,
          0.20889589561253585,
          0.19927805643309499,
          0.6360813732450818
        ],
        [
          -0.28070658041076607,
          0.5122422971044388,
          0.8116721288619324,
          3.0313539090192996
        ],
        [
          0.06747632691255039,
          -0.8330488184094639,
          0.5490688585714786,
          1.851704671617493
        ],
        [
          0.0,
          0.0,
          0.0,
          1.0
        ]
      ]
    },
    {
      "file_path": "./images/frame_0060.jpg",
      "sharpness": 717.9597713057586,
      "transform_matrix": [
        [
          0.9575046855820615,
          0.20728854026881452,
          0.20053986676374827,
          0.6297912895386576
        ],
        [
          -0.28096455478444166,
          0.5133376009146112,
          0.8108905144604986,
          3.005638310110038
        ],
        [
          0.06514365696810646,
          -0.8327760614717833,
          0.5497638905897388,
          1.8349915969829207
        ],
        [
          0.0,
          0.0,
          0.0,
          1.0
        ]
      ]
    },
    {
      "file_path": "./images/frame_0061.jpg",
      "sharpness": 989.6707605130894,
      "transform_matrix": [
        [
          0.9579700516897279,
          0.20460475482864365,
          0.2010728086218787,
          0.616862238666614
        ],
        [
          -0.2800585830205157,
          0.5152248166876134,
          0.8100065298167387,
          2.9557870505233486
        ],
        [
          0.06213348647968321,
          -0.8322741631041569,
          0.5508712619906335,
          1.8026296748113204
        ],
        [
          0.0,
          0.0,
          0.0,
          1.0
        ]
      ]
    },
    {
      "file_path": "./images/frame_0062.jpg",
      "sharpness": 1119.4708409684256,
      "transform_matrix": [
        [
          0.9577765185853337,
          0.20512826856260202,
          0.20146099841673312,
          0.6107278261576815
        ],
        [
          -0.2807071416988107,
          0.5155895702053267,
          0.8095498105087603,
          2.9314152818787957
        ],
        [
          0.06219036135802508,
          -0.8319193401598466,
          0.5514005535200005,
          1.7869168257435268
        ],
        [
          0.0,
          0.0,
          0.0,
          1.0
        ]
      ]
    },
    {
      "file_path": "./images/frame_0064.jpg",
      "sharpness": 943.5496881251278,
      "transform_matrix": [
        [
          0.9577073870264999,
