{
  "camera_angle_x": 0.6816257383839696,
  "camera_angle_y": 0.4780018615226795,
  "fl_x": 2706.8809576422404,
  "fl_y": 2216.220538085755,
  "k1": 0,
  "k2": 0,
  "k3": 0,
  "k4": 0,
  "p1": 0,
  "p2": 0,
  "is_fisheye": false,
  "cx": 1140.0723792166596,
  "cy": 759.3783461857796,
  "w": 1920.0,
  "h": 1080.0,
  "aabb_scale": 16,
  "frames": [
    {
      "file_path": "./images/0007.jpg",
      "sharpness": 147.82543300325406,
      "transform_matrix": [
        [
          0.10088827880215083,
          -0.0066101624003989745,
          0.9948758017717847,
          9.626191997200802
        ],
        [
          0.9948871841045945,
          -0.003940727814998096,
          -0.10091561607760914,
          -0.5307135787858177
        ],
        [
          0.004587603355519852,
          0.9999703877688603,
          0.006178792610524252,
          -0.541274956228658
        ],
        [
          0.0,
          0.0,
          0.0,
          1.0
        ]
      ]
    },
    {
      "file_path": "./images/0006.jpg",
      "sharpness": 402.49715855676897,
      "transform_matrix": [
        [
          0.10105712888190803,
          -0.005990748504013455,
          0.9948625873115234,
          9.644154308319543
        ],
        [
          0.9948667958463107,
          -0.004663877242207995,
          -0.1010856407763714,
          -0.5311777509499674
        ],
        [
          0.005245495631344603,
          0.999971179174034,
          0.005488678725353804,
          -0.5424627209505736
        ],
        [
          0.0,
          0.0,
          0.0,
          1.0
        ]
      ]
    },
    {
      "file_path": "./images/0008.jpg",
      "sharpness": 186.76474666865806,
      "transform_matrix": [
        [
          0.1011025573693153,
          -0.007050192942797629,
          0.9948510278783076,
          9.588291329648913
        ],
        [
          0.994856151477614,
          -0.005601524551496242,
          -0.10114277428197314,
          -0.528828625613821
        ],
        [
          0.0062857585311991695,
          0.9999594580278968,
          0.0064475993609228914,
          -0.5396381894576378
        ],
        [
          0.0,
          0.0,
          0.0,
          1.0
        ]
      ]
    },
    {
      "file_path": "./images/0004.jpg",
      "sharpness": 355.94145874120557,
      "transform_matrix": [
        [
          0.10173951374136066,
          -0.0026970050239980537,
          0.994807417295048,
          9.703326648930185
        ],
        [
          0.9947874315212913,
          -0.006618315263523219,
          -0.10175541258306443,
          -0.5341031624102689
        ],
        [
          0.00685838397310546,
          0.999974461706023,
          0.0020096025239254053,
          -0.5440658005595914
        ],
        [
          0.0,
          0.0,
          0.0,
          1.0
        ]
      ]
    },
    {
      "file_path": "./images/0005.jpg",
      "sharpness": 392.101636509874,
      "transform_matrix": [
        [
          0.1016018894805236,
          -0.004254832792919545,
          0.9948160395015571,
          9.675871829763535
        ],
        [
          0.9948022703784496,
          -0.006345775214382104,
          -0.10162762413052792,
          -0.5326292739667514
        ],
        [
          0.006745287514155681,
          0.9999708133401246,
          0.003587974570477539,
          -0.5432657102161043
        ],
        [
          0.0,
          0.0,
          0.0,
          1.0
        ]
      ]
    },
    {
      "file_path": "./images/0003.jpg",
      "sharpness": 327.60224192703294,
      "transform_matrix": [
        [
          0.1015448782047569,
          -0.002194467975237969,
          0.9948285390047666,
          9.714333631671824
        ],
        [
          0.9947969535972546,
          -0.00804422996438565,
          -0.10155939876499229,
          -0.5344908753114969
        ],
        [
          0.008225498391062359,
          0.9999652367316887,
          0.0013661997045489275,
          -0.543930915812283
        ],
        [
          0.0,
          0.0,
          0.0,
          1.0
        ]
      ]
    },
    {
      "file_path": "./images/0001.jpg",
      "sharpness": 264.68028543094067,
      "transform_matrix": [
        [
          0.10050694383628256,
          -0.0018511443770095352,
          0.9949346347890687,
          9.746914304039944
        ],
        [
          0.9949318710357432,
          -0.002815882431533864,
          -0.10051190378781882,
          -0.5358390344530162
        ],
        [
          0.0029876810041464057,
          0.9999943220178323,
          0.0015587468011797538,
          -0.545750625298342
        ],
        [
          0.0,
          0.0,
          0.0,
          1.0
        ]
      ]
    },
    {
      "file_path": "./images/0002.jpg",
      "sharpness": 271.34351694198426,
      "transform_matrix": [
        [
          0.10098516902336373,
          -0.001605510159537301,
          0.9948866357390281,
          9.732758438904147
        ],
        [
          0.9948676083419997,
          -0.0062287535097184125,
          -0.1009932893869175,
          -0.5350609463042302
        ],
        [
          0.006359049376287181,
          0.9999793122680688,
          0.0009682583266039882,
          -0.5446724958561179
        ],
        [
          0.0,
          0.0,
          0.0,
          1.0
        ]
      ]
    },
    {
      "file_path": "./images/0009.jpg",
      "sharpness": 239.30467319808682,
      "transform_matrix": [
        [
          0.10159707999336558,
          -0.007475266112865727,
          0.994797544091779,
          9.545595607071657
        ],
        [
          0.9948026995509524,
          -0.006025970591183027,
          -0.10164288781895484,
          -0.5269539665349611
        ],
        [
          0.006754428379804905,
          0.9999539029736585,
          0.006824193892750513,
          -0.5374048380264642
        ],
        [
          0.0,
          0.0,
          0.0,
          1.0
        ]
      ]
    },
    {
      "file_path": "./images/0010.jpg",
      "sharpness": 268.48176537933347,
      "transform_matrix": [
        [
          0.10152841283044352,
          -0.007761135649968918,
          0.9948023653767745,
          9.52243735687958
        ],
        [
          0.9948061009197021,
          -0.00651203873492589,
          -0.10157959895598702,
          -0.525838318121794
        ],
        [
          0.007266564583696184,
          0.9999486777441203,
          0.00705966813760736,
          -0.5367669916158767
        ],
        [
          0.0,
          0.0,
          0.0,
          1.0
        ]
      ]
    },
    {
      "file_path": "./images/0011.jpg",
      "sharpness": 311.1057770611705,
      "transform_matrix": [
        [
          0.10182089369941315,
          -0.006638667024346417,
          0.9947805957617311,
          9.472790359436367
        ],
        [
          0.9948021631265278,
          -0.00040401018292889984,
          -0.1018257973902362,
          -0.5196518072276847
        ],
        [
          0.0010778890538300464,
          0.9999778821919957,
          0.006563023638207154,
          -0.5315317471935209
        ],
        [
          0.0,
          0.0,
          0.0,
          1.0
        ]
      ]
    },
    {
      "file_path": "./images/0016.jpg",
      "sharpness": 397.0101265838998,
      "transform_matrix": [
        [
          0.10444936601151897,
          0.0032287559827660142,
          0.9945249645294315,
          9.264625442822965
        ],
        [
          0.9945284590152881,
          -0.0022132438063696843,
          -0.10444254765245319,
          -0.5095790274456757
        ],
        [
          0.0018639067174365353,
          0.9999923383126161,
          -0.0034422616244807447,
          -0.5084159276417405
        ],
        [
          0.0,
          0.0,
          0.0,
          1.0
        ]
      ]
    },
    {
      "file_path": "./images/0012.jpg",
      "sharpness": 124.77801686458301,
      "transform_matrix": [
        [
          0.10142461439133356,
          -0.0029853242856973322,
          0.9948387484573314,
          9.422248901743043
        ],
        [
          0.9948409042412303,
          -0.0018568610326538252,
          -0.10143040626558103,
          -0.5180047854392484
        ],
        [
          0.0021500799609172195,
          0.9999938199325489,
          0.002781591297621184,
          -0.5213175725334951
        ],
        [
          0.0,
          0.0,
          0.0,
          1.0
        ]
      ]
    },
    {
      "file_path": "./images/0013.jpg",
      "sharpness": 223.81347736756118,
      "transform_matrix": [
        [
          0.10423119506327323,
          0.004811675390543482,
          0.9945414550199954,
          9.398347662446003
        ],
        [
          0.9945501501813547,
          0.0019290259604816836,
          -0.10424143913383568,
          -0.5165631856394923
        ],
        [
          -0.0024200722528639894,
          0.9999865632277549,
          -0.004584387801119734,
          -0.5165328410122056
        ],
        [
          0.0,
          0.0,
          0.0,
          1.0
        ]
      ]
    },
    {
      "file_path": "./images/0015.jpg",
      "sharpness": 361.72964307957807,
      "transform_matrix": [
        [
          0.1034393108012847,
          0.0034189904940347972,
          0.9946298907043908,
          9.29073932181661
        ],
        [
          0.9946324401624816,
          -0.002941962058886416,
          -0.10342946309091951,
          -0.5110139138520128
        ],
        [
          0.002572539049975556,
          0.9999898276285226,
          -0.003704953385749072,
          -0.5092837806055288
        ],
        [
          0.0,
          0.0,
          0.0,
          1.0
        ]
      ]
    },
    {
      "file_path": "./images/0014.jpg",
      "sharpness": 296.86624369107926,
      "transform_matrix": [
        [
          0.1034270672889867,
          0.003495024904887778,
          0.994630899656041,
          9.344629208152785
        ],
        [
          0.9946368178086571,
          -0.0010321513979251182,
          -0.1034240558214839,
          -0.5134302670928794
        ],
        [
          0.0006651400226388743,
          0.9999933597087947,
          -0.003583032841644915,
          -0.5129049344336253
        ],
        [
          0.0,
          0.0,
          0.0,
          1.0
        ]
      ]
    },
    {
      "file_path": "./images/0017.jpg",
      "sharpness": 210.0352520378539,
      "transform_matrix": [
        [
          0.10385340853055078,
          0.0008412489652972954,
          0.9945922590863234,
          9.210780131169741
        ],
        [
          0.9945852081949127,
          -0.003947089967901388,
          -0.10384933374977529,
          -0.5068558829673031
        ],
        [
          0.003838381983428047,
          0.9999918563559608,
          -0.0012466125242371268,
          -0.507421336772982
        ],
        [
          0.0,
          0.0,
          0.0,
          1.0
        ]
      ]
    },
    {
      "file_path": "./images/0018.jpg",
      "sharpness": 285.6009154709301,
      "transform_matrix": [
        [
          0.10292315548556807,
          0.001992283880621174,
          0.9946873151234533,
          9.157534977808329
        ],
        [
          0.9946649324453346,
          -0.007207231854778931,
          -0.10290640394122424,
          -0.5044774161830509
        ],
        [
          0.006963923333317462,
          0.9999720429148042,
          -0.0027234459563398095,
          -0.5019858525374324
        ],
        [
          0.0,
          0.0,
          0.0,
          1.0
        ]
      ]
    },
    {
      "file_path": "./images/0019.jpg",
      "sharpness": 315.1248543303365,
      "transform_matrix": [
        [
          0.10465739363013764,
          0.0030592838153190613,
          0.9945036303296008,
          9.13197258890969
        ],
        [
          0.994491635541798,
          -0.006117138699098367,
          -0.10463731385667399,
          -0.5026810212327787
        ],
        [
          0.005763401402722682,
          0.9999766104234387,
          -0.0036826359578047935,
          -0.4994505077865646
        ],
        [
          0.0,
          0.0,
          0.0,
          1.0
        ]
      ]
    },
    {
      "file_path": "./images/0020.jpg",
      "sharpness": 349.78796366516843,
      "transform_matrix": [
        [
          0.10225049728024224,
          0.0030063045886990544,
          0.9947541394416688,
          9.080956958714816
        ],
        [
          0.9947052853173338,
          -0.010670108512594353,
          -0.10221322881944378,
          -0.5030362978748647
        ],
        [
          0.010306850512369365,
          0.9999385535693311,
          -0.00408141096509944,
          -0.49552066365162195
        ],
        [
          0.0,
          0.0,
          0.0,
          1.0
        ]
      ]
    },
    {
      "file_path": "./images/0021.jpg",
      "sharpness": 389.58450864250295,
      "transform_matrix": [
        [
          0.10325082995233968,
          0.004468253539701797,
          0.9946453140804159,
          9.031835642927824
        ],
        [
          0.9945995351233053,
          -0.011057434345527998,
          -0.10319640438408614,
          -0.49984976171778994
        ],
        [
          0.010537117558357604,
          0.9999288813977101,
          -0.005585812166719696,
          -0.491370835343638
        ],
        [
          0.0,
          0.0,
          0.0,
          1.0
        ]
      ]
    },
    {
      "file_path": "./images/0022.jpg",
      "sharpness": 211.33422548356938,
      "transform_matrix": [
        [
          0.10352210240472035,
          0.003920574525642895,
          0.9946194264173446,
          9.00825792462313
        ],
        [
          0.9945510454197389,
          -0.012778557297958428,
          -0.10346461485692687,
          -0.4993193272791318
        ],
        [
          0.012304160596822957,
          0.9999106647926349,
          -0.005222074610307688,
          -0.49007302151578436
        ],
        [
          0.0,
          0.0,
          0.0,
          1.0
        ]
      ]
    },
    {
      "file_path": "./images/0023.jpg",
      "sharpness": 264.8452765760291,
      "transform_matrix": [
        [
          0.10306222387294603,
          0.003470594479961178,
          0.9946688559425142,
          8.965335985007885
        ],
        [
          0.994535834007371,
          -0.017081381467722857,
          -0.10298884057033743,
          -0.4980779287952323
        ],
        [
          0.016632885660836476,
          0.9998480791492209,
          -0.0052120757365150365,
          -0.4875663804123561
        ],
        [
          0.0,
          0.0,
          0.0,
          1.0
        ]
      ]
    },
    {
      "file_path": "./images/0024.jpg",
      "sharpness": 317.2335719632935,
      "transform_matrix": [
        [
          0.10270538667164882,
          0.0032757450929167976,
          0.9947064255549901,
          8.929319243680672
        ],
        [
          0.9945510265269268,
          -0.0183177603515785,
          -0.10262901777540162,
          -0.49676241789810477
        ],
        [
          0.017884607422122993,
          0.9998268495829994,
          -0.005139228304668111,
          -0.4851096652295187
        ],
        [
          0.0,
          0.0,
          0.0,
          1.0
        ]
      ]
    },
    {
      "file_path": "./images/0025.jpg",
      "sharpness": 342.451861831307,
      "transform_matrix": [
        [
          0.10278615792851677,
          0.0035904693213461816,
          0.9946969962084022,
          8.914014566848659
        ],
        [
          0.9945644172122041,
          -0.01709148609219211,
          -0.10271076437313634,
          -0.4960937078976015
        ],
        [
          0.01663207002818742,
          0.9998474831845557,
          -0.005327721216808015,
          -0.4838848861390371
        ],
        [
          0.0,
          0.0,
          0.0,
          1.0
        ]
      ]
    },
    {
      "file_path": "./images/0026.jpg",
      "sharpness": 370.3280318486628,
      "transform_matrix": [
        [
          0.10370938631661483,
          0.0038198235487677877,
          0.9946003077294713,
          8.884668591979484
        ],
        [
          0.9944765308652753,
          -0.016634759654585225,
          -0.10363259298601947,
          -0.4933351600020334
        ],
        [
          0.016149078852348335,
          0.9998543362493195,
          -0.00552390558659745,
          -0.4822945299558102
        ],
        [
          0.0,
          0.0,
          0.0,
          1.0
        ]
      ]
    },
    {
      "file_path": "./images/0027.jpg",
      "sharpness": 259.3497207273156,
      "transform_matrix": [
        [
          0.1039394488719799,
          0.004280284072866896,
          0.9945744165893854,
          8.854081901320145
        ],
        [
          0.9944658836543409,
          -0.015833962002010437,
          -0.10385996290445348,
          -0.49177381517066615
        ],
        [
          0.01530350337541941,
          0.9998654733577171,
          -0.005902369766763902,
          -0.4799982221307077
        ],
        [
          0.0,
          0.0,
          0.0,
          1.0
        ]
      ]
    },
    {
      "file_path": "./images/0029.jpg",
      "sharpness": 331.13020753543293,
      "transform_matrix": [
        [
          0.10132965428436834,
          0.003324943099947172,
          0.9948473480457515,
          8.805083065125244
        ],
        [
          0.9948194411806186,
          -0.008540511585686297,
          -0.10129826805302009,
          -0.4900239000756202
        ],
        [
          0.008159694324574387,
          0.9999580013243127,
          -0.004173125123035776,
          -0.4778173195526013
        ],
        [
          0.0,
          0.0,
          0.0,
          1.0
        ]
      ]
    },
    {
      "file_path": "./images/0028.jpg",
      "sharpness": 286.2002346260784,
      "transform_matrix": [
        [
          0.10283052618729681,
          0.003890973263435534,
          0.99469128035224,
          8.838633684664757
        ],
        [
          0.9946143422870845,
          -0.01344014972310697,
          -0.10276999801428331,
          -0.4916370648061738
        ],
        [
          0.012968924421646185,
          0.9999021065583175,
          -0.005252075481331462,
          -0.4796115563046435
        ],
        [
          0.0,
          0.0,
          0.0,
          1.0
        ]
      ]
    },
    {
      "file_path": "./images/0031.jpg",
      "sharpness": 365.3062302036594,
      "transform_matrix": [
        [
          0.10074430265473111,
          -0.003167144303325345,
          0.9949073095908209,
          8.75222752433855
        ],
        [
          0.9948819679183971,
          -0.007494333776752196,
          -0.10076559368983418,
          -0.4884219392152435
        ],
        [
          0.007775306631029969,
          0.9999669015299864,
          0.0023959233269733463,
          -0.4795048853382606
        ],
        [
          0.0,
          0.0,
          0.0,
          1.0
        ]
      ]
    },
    {
      "file_path": "./images/0030.jpg",
      "sharpness": 353.71696411765197,
      "transform_matrix": [
        [
          0.10110976116778383,
          -0.001361558976203917,
          0.9948743450061519,
          8.771236732257867
        ],
        [
          0.9948451514253939,
          -0.007643651298858845,
          -0.10111725510421629,
          -0.488745818978932
        ],
        [
          0.0077421496857439,
          0.9999698599204141,
          0.0005816925885787437,
          -0.48066854915091795
        ],
        [
          0.0,
          0.0,
          0.0,
          1.0
        ]
      ]
    },
    {
      "file_path": "./images/0032.jpg",
      "sharpness": 209.9669546705876,
      "transform_matrix": [
        [
          0.09990347373392269,
          -0.0036096298219300492,
          0.9949905861394446,
          8.713625506746437
        ],
        [
          0.9949499484768916,
          -0.009376239706795242,
          -0.09993340859990596,
          -0.48749093460533494
        ],
        [
          0.009689992853537435,
          0.9999495270756349,
          0.002654682088079278,
          -0.47661878663403245
        ],
        [
          0.0,
          0.0,
          0.0,
          1.0
        ]
      ]
    },
    {
      "file_path": "./images/0033.jpg",
      "sharpness": 261.6494700026188,
      "transform_matrix": [
        [
          0.09904385561615991,
          -0.003112654208496943,
          0.995078200970223,
          8.673786323971598
        ],
        [
          0.9950134146228401,
          -0.01152200097492817,
          -0.09907344858101527,
          -0.48720378887494326
        ],
        [
          0.011773673388384516,
          0.9999287749007874,
          0.001955949291566973,
          -0.4733001194044123
        ],
        [
          0.0,
          0.0,
          0.0,
          1.0
        ]
      ]
    },
    {
      "file_path": "./images/0034.jpg",
      "sharpness": 308.65183163721423,
      "transform_matrix": [
        [
          0.0988886374106395,
          -0.00290590323376453,
          0.9950942634319299,
          8.65440081195151
        ],
        [
          0.9950124328010327,
          -0.012863667761455998,
          -0.0989180702536127,
          -0.4867609374533931
        ],
        [
          0.013088008336346872,
          0.9999130371064255,
          0.001619339269079266,
          -0.47219237577848683
        ],
        [
          0.0,
          0.0,
          0.0,
          1.0
        ]
      ]
    },
    {
      "file_path": "./images/0038.jpg",
      "sharpness": 131.3806403565374,
      "transform_matrix": [
        [
          0.0960714639935936,
          -0.0017655059602414785,
          0.9953728732452496,
          8.520633292435878
        ],
        [
          0.9953420248606516,
          -0.00789981109833184,
          -0.09608249856510429,
          -0.48282864757271476
        ],
        [
          0.008032891894932778,
          0.9999672374486035,
          0.0009983358598808242,
          -0.464404216849069
        ],
        [
          0.0,
          0.0,
          0.0,
          1.0
        ]
      ]
    },
    {
      "file_path": "./images/0037.jpg",
      "sharpness": 114.92706291771454,
      "transform_matrix": [
        [
          0.09687963633978662,
          -0.0012042831452459667,
          0.9952953761383845,
          8.557354546121422
        ],
        [
          0.9952451138566798,
          -0.01000508235097384,
          -0.09688684983608334,
          -0.48397535203052894
        ],
        [
          0.010074691402061587,
          0.9999492227241008,
          0.00022926817629419222,
          -0.46555074150219755
        ],
        [
          0.0,
          0.0,
          0.0,
          1.0
        ]
      ]
    },
    {
      "file_path": "./images/0035.jpg",
      "sharpness": 335.53579136986303,
      "transform_matrix": [
        [
          0.09834761692889862,
          -0.0022280704562515725,
          0.9951496279173904,
          8.615151954019725
        ],
        [
          0.9950821220128706,
          -0.011640541655538992,
          -0.09836700788340323,
          -0.48553381068602747
        ],
        [
          0.01180324932140128,
          0.9999297642781142,
          0.0010722935460174333,
          -0.46934346318827475
        ],
        [
          0.0,
          0.0,
          0.0,
          1.0
        ]
      ]
    },
    {
      "file_path": "./images/0039.jpg",
      "sharpness": 146.13433978773628,
      "transform_matrix": [
        [
          0.09529872471819234,
          -0.004059424706740246,
          0.995440442284624,
          8.48351898042084
        ],
        [
          0.9954041408021245,
          -0.009075081707356306,
          -0.09533225773888745,
          -0.4810951927144151
        ],
        [
          0.009420697470954472,
          0.9999505807590351,
          0.0031759244489392695,
          -0.46357240825315793
        ],
        [
          0.0,
          0.0,
          0.0,
          1.0
        ]
      ]
    },
    {
      "file_path": "./images/0036.jpg",
      "sharpness": 315.22857470535683,
      "transform_matrix": [
        [
          0.09748845223036007,
          -0.002071811954356669,
          0.9952344996404748,
          8.576189023069043
        ],
        [
          0.9951761447450806,
          -0.010824205099787158,
          -0.0975052691595734,
          -0.48407334607073677
        ],
        [
          0.01097463492875014,
          0.9999392702441785,
          0.001006582831571265,
          -0.46688279677872535
        ],
        [
          0.0,
          0.0,
          0.0,
          1.0
        ]
      ]
    },
    {
      "file_path": "./images/0040.jpg",
      "sharpness": 144.07854523404436,
      "transform_matrix": [
        [
          0.09581941794688636,
          -0.003660909345956389,
          0.9953920016178313,
          8.464969358494677
        ],
        [
          0.9953573053439266,
          -0.008771035876749414,
          -0.09584833659344837,
          -0.479979720705964
        ],
        [
          0.009081511028848672,
          0.9999548323147832,
          0.002803477309198386,
          -0.46230809225977093
        ],
        [
          0.0,
          0.0,
          0.0,
          1.0
        ]
      ]
    },
    {
      "file_path": "./images/0042.jpg",
      "sharpness": 111.54738462128381,
      "transform_matrix": [
        [
          0.09592891858647766,
          -0.005707164791987819,
          0.9953718254233125,
          8.38861296097226
        ],
        [
          0.9953779964240597,
          -0.00397486930081346,
          -0.09595230402898375,
          -0.47617727636239277
        ],
        [
          0.004504088523034142,
          0.9999758140481974,
          0.005299481342361132,
          -0.4603051975686127
        ],
        [
          0.0,
          0.0,
          0.0,
          1.0
        ]
      ]
    },
    {
      "file_path": "./images/0041.jpg",
      "sharpness": 154.0116153379468,
      "transform_matrix": [
        [
          0.09613998647905227,
          -0.005291270749998719,
          0.9953537589477067,
          8.427550271234402
        ],
        [
          0.9953090223415385,
          -0.010358261344508632,
          -0.09619072963157255,
          -0.4782804085887488
        ],
        [
          0.010819105559539884,
          0.999932352148407,
          0.004270606411517918,
          -0.46169167251828297
        ],
        [
          0.0,
          0.0,
          0.0,
          1.0
        ]
      ]
    },
    {
      "file_path": "./images/0043.jpg",
      "sharpness": 126.72879237441396,
      "transform_matrix": [
        [
          0.0966612347556914,
          -0.006758175070160948,
          0.9952943950223461,
          8.367381872698994
        ],
        [
          0.9952979862830824,
          -0.005579529414526912,
          -0.0966994692434175,
          -0.47438503956862177
        ],
        [
          0.006206786295479568,
          0.9999615972218685,
          0.00618707383571613,
          -0.4584609264381956
        ],
        [
          0.0,
          0.0,
          0.0,
          1.0
        ]
      ]
    },
    {
      "file_path": "./images/0046.jpg",
      "sharpness": 282.1462028991112,
      "transform_matrix": [
        [
          0.09677811812454705,
          -0.005215153549070047,
          0.9952923178762119,
          8.262733869600439
        ],
        [
          0.99528917309234,
          -0.005304385064838822,
          -0.09680560636582168,
          -0.46847055258394754
        ],
        [
          0.005784269807699922,
          0.9999723324521635,
          0.004677237459020521,
          -0.45042014570616096
        ],
        [
          0.0,
          0.0,
          0.0,
          1.0
        ]
      ]
    },
    {
      "file_path": "./images/0047.jpg",
      "sharpness": 249.86449525248258,
      "transform_matrix": [
        [
          0.09673706992071188,
          -0.0036241589849083104,
          0.9953033732347534,
          8.218932952364744
        ],
        [
          0.9953061139083218,
          -0.002431884439441883,
          -0.09674619142060539,
          -0.46672620937776904
        ],
        [
          0.0027710863647862753,
          0.9999904756581443,
          0.0033718942203975946,
          -0.44585068548429185
        ],
        [
          0.0,
          0.0,
          0.0,
          1.0
        ]
      ]
    },
    {
      "file_path": "./images/0044.jpg",
      "sharpness": 173.89689042907628,
      "transform_matrix": [
        [
          0.09624553327163288,
          -0.006272759237218301,
          0.9953378571191204,
          8.326778136443574
        ],
        [
          0.9953284946532103,
          -0.0070436325422599125,
          -0.09628901791787646,
          -0.4731371167410286
        ],
        [
          0.0076147919475343705,
          0.999955518875434,
          0.0055655378387035204,
          -0.45585374491342473
        ],
        [
          0.0,
          0.0,
          0.0,
          1.0
        ]
      ]
    },
    {
      "file_path": "./images/0048.jpg",
      "sharpness": 329.0505165207768,
      "transform_matrix": [
        [
          0.09596288669901325,
          -0.0032064971579331106,
          0.9953797480107983,
          8.173762544402999
        ],
        [
          0.995369869688504,
          -0.005188592735411097,
          -0.09597864877836933,
          -0.4667578636724621
        ],
        [
          0.005472375394034199,
          0.9999813982663273,
          0.0026937383214531547,
          -0.4407604451026025
        ],
        [
          0.0,
          0.0,
          0.0,
          1.0
        ]
      ]
    },
    {
      "file_path": "./images/0045.jpg",
      "sharpness": 234.37633659300332,
      "transform_matrix": [
        [
          0.09733312382480563,
          -0.004850658872236931,
          0.9952400384393113,
          8.284553201333958
        ],
        [
          0.9952443040145731,
          -0.0034220048412822055,
          -0.09735021935783611,
          -0.4706777207296585
        ],
        [
          0.003877928935019497,
          0.9999823803390978,
          0.00449451619236593,
          -0.4516712113843599
        ],
        [
          0.0,
          0.0,
          0.0,
          1.0
        ]
      ]
    },
    {
      "file_path": "./images/0050.jpg",
      "sharpness": 405.956277452506,
      "transform_matrix": [
        [
          0.09624486406942033,
          -0.0025620618563893366,
          0.9953543901430156,
          8.106832335787605
        ],
        [
          0.9953243569005689,
          -0.007935830514082384,
          -0.09626238701655937,
          -0.4630223851871347
        ],
        [
          0.008145593931602715,
          0.9999652286106616,
          0.001786299640444669,
          -0.4373179800159893
        ],
        [
          0.0,
          0.0,
          0.0,
          1.0
        ]
      ]
    },
    {
      "file_path": "./images/0049.jpg",
      "sharpness": 363.5309852306458,
      "transform_matrix": [
        [
          0.09681920449573321,
          -0.0008333182795446825,
          0.9953016362988308,
          8.152907613913847
        ],
        [
          0.9952782759802862,
          -0.0068212264073219285,
          -0.09682264317614121,
          -0.4643049973963333
        ],
        [
          0.006869861883204888,
          0.9999763879453462,
          0.0001689578661661007,
          -0.43941313028522183
        ],
        [
          0.0,
          0.0,
          0.0,
          1.0
        ]
      ]
    },
    {
      "file_path": "./images/0051.jpg",
      "sharpness": 450.597550277488,
      "transform_matrix": [
        [
          0.0972199999606574,
          -0.0032692387501891693,
          0.9952575464086245,
          8.061220437813759
        ],
        [
          0.9952254196728759,
          -0.008360928743049703,
          -0.09724432583501469,
          -0.4606798346424783
        ],
        [
          0.00863919234476082,
          0.9999597026609743,
          0.0024407800150976584,
          -0.4353650263100852
        ],
        [
          0.0,
          0.0,
          0.0,
          1.0
        ]
      ]
    },
    {
      "file_path": "./images/0053.jpg",
      "sharpness": 281.063682958688,
      "transform_matrix": [
        [
          0.0980269282203136,
          -0.0038588647444948313,
          0.9951762811202066,
          7.990680459240204
        ],
        [
          0.9951417611452387,
          -0.008807208069442136,
          -0.09805767848760774,
          -0.45817431299004974
        ],
        [
          0.00914311589204206,
          0.9999537700544869,
          0.002976773904613272,
          -0.43157508685186335
        ],
        [
          0.0,
          0.0,
          0.0,
          1.0
        ]
      ]
    },
    {
      "file_path": "./images/0052.jpg",
      "sharpness": 222.02941592741067,
      "transform_matrix": [
        [
          0.09726360379985644,
          -0.00269785295335501,
          0.9952549989640735,
          8.037933348664582
        ],
        [
          0.9952100522694257,
          -0.009618994769415079,
          -0.097285285635175,
          -0.45965508187658133
        ],
        [
          0.009835814024438417,
          0.9999500970180188,
          0.0017493522825184362,
          -0.43385771686657554
        ],
        [
          0.0,
          0.0,
          0.0,
          1.0
        ]
      ]
    },
    {
      "file_path": "./images/0054.jpg",
      "sharpness": 329.9800096329719,
      "transform_matrix": [
        [
          0.09736167772952808,
          -0.0032060427287117694,
          0.9952439022658641,
          7.9412189419348245
        ],
        [
          0.995204112262042,
          -0.009190799513118608,
          -0.09738739210306376,
          -0.4548383807292138
        ],
        [
          0.009459315312699385,
          0.9999526241235674,
          0.0022958352474292407,
          -0.4258943599210493
        ],
        [
          0.0,
          0.0,
          0.0,
          1.0
        ]
      ]
    },
    {
      "file_path": "./images/0055.jpg",
      "sharpness": 380.9625616930216,
      "transform_matrix": [
        [
          0.09753382923436207,
          -0.0009837592765240247,
          0.9952317239569083,
          7.918273776675936
        ],
        [
          0.9951624312041276,
          -0.01174511088025652,
          -0.09753864818575891,
          -0.4545573562240014
        ],
        [
          0.011785061499395027,
          0.9999305398803326,
          -0.0001665453655883082,
          -0.42299793038073286
        ],
        [
          0.0,
          0.0,
          0.0,
          1.0
        ]
      ]
    },
    {
      "file_path": "./images/0056.jpg",
      "sharpness": 397.89780878988864,
      "transform_matrix": [
        [
          0.0983088417492093,
          -0.0005927104302610063,
          0.9951557769143213,
          7.870204683123297
        ],
        [
          0.9950936310994445,
          -0.01113285005117962,
          -0.09830933320222195,
          -0.45166681484094984
        ],
        [
          0.011137189009133247,
          0.9999378522395085,
          -0.0005046552196600074,
          -0.4195072913553871
        ],
        [
          0.0,
          0.0,
          0.0,
          1.0
        ]
      ]
    },
    {
      "file_path": "./images/0057.jpg",
      "sharpness": 240.75376345723882,
      "transform_matrix": [
        [
          0.09774900230866505,
          0.0010212473100996832,
          0.9952105755061407,
          7.82122000998452
        ],
        [
          0.9951747862401061,
          -0.008642817781522625,
          -0.09773661817537542,
          -0.4492317069621568
        ],
        [
          0.008501610399933973,
          0.9999621286588823,
          -0.0018611463888061998,
          -0.41584253846902985
        ],
        [
          0.0,
          0.0,
          0.0,
          1.0
        ]
      ]
    },
    {
      "file_path": "./images/0058.jpg",
      "sharpness": 256.82551559505794,
      "transform_matrix": [
        [
          0.09817504104857294,
          0.0011415669279404707,
          0.9951685074085351,
          7.79580487845917
        ],
        [
          0.9951407406693977,
          -0.0076702608753023566,
          -0.09816350318561595,
          -0.44786373613488983
        ],
        [
          0.007521141857941202,
          0.9999699315081082,
          -0.0018890479344803278,
          -0.4133769423163945
        ],
        [
          0.0,
          0.0,
          0.0,
          1.0
        ]
      ]
    },
    {
      "file_path": "./images/0059.jpg",
      "sharpness": 298.7887687556227,
      "transform_matrix": [
        [
          0.09829320932245766,
          0.002428217335427564,
          0.9951545351146902,
          7.746113973283219
        ],
        [
          0.9951410657780622,
          -0.005986404353357742,
          -0.09827727186194107,
          -0.44623702119532327
        ],
        [
          0.00571875886606044,
          0.9999791331426705,
          -0.0030048416833114203,
          -0.40887561316353194
        ],
        [
          0.0,
          0.0,
          0.0,
          1.0
        ]
      ]
    },
    {
